0 1
1 2.18851
2 3.37054
3 4.54608
4 5.71513
5 6.8777
6 8.03379
7 9.18339
8 10.3265
9 11.4631
10 12.5933
11 13.7169
12 14.8341
13 15.9448
14 17.049
15 18.1467
16 19.238
17 20.3227
18 21.401
19 22.4727
20 23.538
21 24.5968
22 25.6492
23 26.695
24 27.7343
25 28.7672
26 29.7936
27 30.8135
28 31.8269
29 32.8338
30 33.8343
31 34.8282
32 35.8157
33 36.7967
34 37.7712
35 38.7392
36 39.7007
37 40.6558
38 41.6043
39 42.5464
40 43.482
41 44.4111
42 45.3337
43 46.2498
44 47.1595
45 48.0626
46 48.9593
47 49.8495
48 50.7332
49 51.6104
50 52.4812
51 53.3454
52 54.2032
53 55.0545
54 55.8993
55 56.7376
56 57.5694
57 58.3947
58 59.2136
59 60.026
60 60.8318
61 61.6312
62 62.4242
63 63.2106
64 63.9905
65 64.764
66 65.531
67 66.2914
68 67.0454
69 67.793
70 68.534
71 69.2685
72 69.9966
73 70.7182
74 71.4333
75 72.1419
76 72.844
77 73.5396
78 74.2288
79 74.9114
80 75.5876
81 76.2573
82 76.9205
83 77.5772
84 78.2275
85 78.8712
86 79.5085
87 80.1393
88 80.7636
89 81.3814
90 81.9927
91 82.5976
92 83.1959
93 83.7878
94 84.3732
95 84.9521
96 85.5245
97 86.0904
98 86.6499
99 87.2028
100 87.7493
101 88.2893
102 88.8228
103 89.3498
104 89.8704
105 90.3844
106 90.892
107 91.3931
108 91.8876
109 92.3758
110 92.8574
111 93.3325
112 93.8012
113 94.2633
114 94.719
115 95.1682
116 95.6109
117 96.0472
118 96.4769
119 96.9002
120 97.3169
121 97.7272
122 98.131
123 98.5283
124 98.9192
125 99.3035
126 99.6814
127 100.053
128 100.418
129 100.776
130 101.128
131 101.473
132 101.812
133 102.145
134 102.471
135 102.79
136 103.103
137 103.41
138 103.71
139 104.003
140 104.29
141 104.571
142 104.845
143 105.113
144 105.374
145 105.629
146 105.877
147 106.118
148 106.354
149 106.582
150 106.804
151 107.02
152 107.229
153 107.432
154 107.628
155 107.818
156 108.002
157 108.178
158 108.349
159 108.513
160 108.67
161 108.821
162 108.965
163 109.103
164 109.234
165 109.359
166 109.478
167 109.59
168 109.695
169 109.794
170 109.887
171 109.973
172 110.052
173 110.125
174 110.192
175 110.252
176 110.306
177 110.353
178 110.393
179 110.428
180 110.455
181 110.476
182 110.491
183 110.499
184 110.501
185 110.496
186 110.485
187 110.467
188 110.443
189 110.412
190 110.375
191 110.331
192 110.281
193 110.225
194 110.162
195 110.092
196 110.016
197 109.933
198 109.844
199 109.749
200 109.647
201 109.538
202 109.423
203 109.301
204 109.174
205 109.039
206 108.898
207 108.751
208 108.597
209 108.436
210 108.269
211 108.096
212 107.916
213 107.73
214 107.537
215 107.338
216 107.132
217 106.92
218 106.701
219 106.475
220 106.244
221 106.005
222 105.761
223 105.51
224 105.252
225 104.988
226 104.717
227 104.44
228 104.156
229 103.866
230 103.57
231 103.266
232 102.957
233 102.641
234 102.318
235 101.989
236 101.654
237 101.312
238 100.963
239 100.608
240 100.247
241 99.8789
242 99.5045
243 99.1236
244 98.7362
245 98.3423
246 97.9419
247 97.5351
248 97.1217
249 96.7019
250 96.2756
251 95.8428
252 95.4035
253 94.9578
254 94.5055
255 94.0468
256 93.5816
257 93.1099
258 92.6317
259 92.147
260 91.6559
261 91.1582
262 90.6541
263 90.1435
264 89.6264
265 89.1028
266 88.5727
267 88.0362
268 87.4931
269 86.9436
270 86.3876
271 85.8251
272 85.2561
273 84.6807
274 84.0987
275 83.5103
276 82.9153
277 82.3139
278 81.706
279 81.0917
280 80.4708
281 79.8435
282 79.2096
283 78.5693
284 77.9225
285 77.2692
286 76.6094
287 75.9432
288 75.2704
289 74.5912
290 73.9055
291 73.2133
292 72.5146
293 71.8094
294 71.0978
295 70.3796
296 69.655
297 68.9239
298 68.1863
299 67.4422
300 66.6917
301 65.9346
302 65.1711
303 64.4011
304 63.6245
305 62.8416
306 62.0521
307 61.2561
308 60.4537
309 59.6447
310 58.8293
311 58.0074
312 57.179
313 56.3441
314 55.5028
315 54.6549
316 53.8006
317 52.9398
318 52.0725
319 51.1987
320 50.3184
321 49.4317
322 48.5384
323 47.6387
324 46.7325
325 45.8198
326 44.9006
327 43.975
328 43.0428
329 42.1042
330 41.159
331 40.2074
332 39.2493
333 38.2848
334 37.3137
335 36.3362
336 35.3521
337 34.3616
338 33.3646
339 32.3611
340 31.3511
341 30.3347
342 29.3117
343 28.2823
344 27.2464
345 26.204
346 25.1551
347 24.0997
348 23.0379
349 21.9695
350 20.8947
351 19.8134
352 18.7256
353 17.6313
354 16.5305
355 15.4233
356 14.3095
357 13.1893
358 12.0626
359 10.9294
360 9.78974
361 8.64358
362 7.49093
363 6.33179
364 5.16617
365 3.99407
366 2.81548
367 1.6304
368 0.438841
369 -0.759205
370 -1.96374
371 -3.17475
372 -4.39225
373 -5.61624
374 -6.84671
375 -8.08367
376 -9.32711
377 -10.577
378 -11.8335
379 -13.0964
380 -14.3657
381 -15.6416
382 -16.924
383 -18.2128
384 -19.5081
385 -20.8099
386 -22.1182
387 -23.433
388 -24.7543
389 -26.082
390 -27.4163
391 -28.757
392 -30.1042
393 -31.4579
394 -32.818
395 -34.1847
396 -35.5579
397 -36.9375
398 -38.3236
399 -39.7162
